Robot 100.0 100.0 20 243 98 115 0 1
Robot 300.0 300.0 20 243 98 115 0 1
Robot 400.0 500.0 20 243 98 115 0 1
Robot 500.0 600.0 20 243 98 115 0 1
Robot 600.0 700.0 20 243 98 115 0 1
Obstacle 200.0 200.0 30.0 240 240 240
Obstacle 700.0 400.0 20.0 240 240 240
Obstacle 200.0 400.0 40.0 240 240 240
Obstacle 700.0 100.0 50.0 240 240 240
Obstacle 500.0 700.0 25.0 240 240 240
HomeBase 100.0 300.0 20.0 135 206 250 20 1
Player 400.0 600.0 20.0 30 187 23 100.0 10 1
RechargeStation 500.0 300.0 20.0 42 156 157
