Robot 100.0 200.0 20 138 214 255 10 1
Robot 300.0 600.0 20 138 214 255 10 1
Robot 300.0 500.0 20 138 214 255 10 1
Robot 600.0 100.0 20 138 214 255 10 1
Robot 600.0 600.0 20.92 138 214 255 10 1
Obstacle 200.0 200.0 30.0 255 255 255
Obstacle 700.0 400.0 20.0 255 255 255
Obstacle 200.0 400.0 40.0 255 255 255
Obstacle 700.0 100.0 50.0 255 255 255
Obstacle 500.0 700.0 25.0 255 255 255
HomeBase 400.0 300.0 20.0 255 0 0 20 1
Player 400.0 600.0 20.0 0 0 255 100.0 10 1
RechargeStation 500.0 300.0 20.0 0 128 128
